----------------------------------AAPLstart------------------------------
biased_acovf: [ 0.01615076  0.00089662  0.00036477 -0.00013592 -0.00171535  0.00114503
 -0.00087613  0.00021583 -0.00046512  0.0004033 ]
unbiased_acovf: [ 0.01615076  0.00089931  0.00036696 -0.00013715 -0.00173608  0.00116238
 -0.00089211  0.00022043 -0.0004765   0.00041443]
biased_acf: [ 1.          0.05551584  0.02258508 -0.00841576 -0.10620878  0.07089643
 -0.05424724  0.0133632  -0.02879887  0.02497082]
unbiased_acf: [ 1.          0.05568205  0.02272072 -0.00849181 -0.10749227  0.07197061
 -0.05523655  0.0136484  -0.02950343  0.0256602 ]
----------------------------------AAPL end------------------------------
----------------------------------TSLAstart------------------------------
biased_acovf: [ 0.02599193  0.00392888 -0.00048838 -0.00174735  0.00269126  0.00034238
 -0.00060465 -0.00116413  0.00229256  0.00152495]
unbiased_acovf: [ 0.02599193  0.00397302 -0.00049948 -0.0018076   0.00281643  0.00036251
 -0.00064784 -0.00126231  0.00251622  0.00169439]
biased_acf: [ 1.          0.15115758 -0.01878963 -0.06722649  0.10354213  0.01317236
 -0.02326307 -0.04478808  0.08820267  0.05867011]
unbiased_acf: [ 1.          0.15285598 -0.01921667 -0.06954465  0.10835804  0.01394721
 -0.02492472 -0.04856539  0.09680781  0.06518901]
----------------------------------TSLA end------------------------------
