----------------------------------IBMstart------------------------------
biased_acovf: [ 5.90588414e-03 -3.22353085e-04  3.68898240e-05  1.34016101e-04
 -6.90390861e-04  1.27670407e-04 -3.51762564e-04  3.57523939e-04
  2.78570344e-04  5.22780636e-04]
unbiased_acovf: [ 5.90588414e-03 -3.23318214e-04  3.71113845e-05  1.35227090e-04
 -6.98733953e-04  1.29604807e-04 -3.58177687e-04  3.65154024e-04
  2.85385521e-04  5.37213230e-04]
biased_acf: [ 1.         -0.05458168  0.00624628  0.02269196 -0.11689882  0.02161749
 -0.05956137  0.0605369   0.04716827  0.08851861]
unbiased_acf: [ 1.         -0.0547451   0.0062838   0.02289701 -0.11831149  0.02194503
 -0.0606476   0.06182885  0.04832223  0.09096237]
----------------------------------IBM end------------------------------
----------------------------------MSFTstart------------------------------
biased_acovf: [ 8.29528113e-03 -1.15936985e-03 -3.59308964e-04  1.05802854e-03
 -9.12568212e-04 -1.38151461e-04  7.19086344e-05  9.17150000e-04
  2.27782190e-04 -1.49863334e-04]
unbiased_acovf: [ 8.29528113e-03 -1.16284101e-03 -3.61466976e-04  1.06758904e-03
 -9.23596227e-04 -1.40244665e-04  7.32200380e-05  9.36723323e-04
  2.33354843e-04 -1.54000665e-04]
biased_acf: [ 1.         -0.13976257 -0.04331486  0.12754583 -0.11001052 -0.01665422
  0.00866862  0.11056286  0.02745925 -0.01806609]
unbiased_acf: [ 1.         -0.14018103 -0.04357501  0.12869836 -0.11133995 -0.01690656
  0.00882671  0.11292243  0.02813103 -0.01856485]
----------------------------------MSFT end------------------------------
----------------------------------INTCstart------------------------------
biased_acovf: [ 1.08243598e-02 -1.58624619e-04  1.19126937e-04  6.52078507e-04
 -8.69103692e-04 -2.53903076e-04  7.69213037e-04 -1.67467437e-05
 -1.03734387e-03  1.21765778e-04]
unbiased_acovf: [ 1.08243598e-02 -1.59099543e-04  1.19842414e-04  6.57970783e-04
 -8.79606456e-04 -2.57750092e-04  7.83241238e-04 -1.71041437e-05
 -1.06272231e-03  1.25127410e-04]
biased_acf: [ 1.         -0.01465441  0.01100545  0.06024176 -0.08029146 -0.02345664
  0.07106314 -0.00154713 -0.0958342   0.01124924]
unbiased_acf: [ 1.         -0.01469829  0.01107155  0.06078612 -0.08126175 -0.02381204
  0.07235913 -0.00158015 -0.09817877  0.0115598 ]
----------------------------------INTC end------------------------------
